beam_start[x]  =    -0.0222553022
beam_start[px] =    -0.0996694554
beam_start[pz] =     0.0000000000
beginning[e_tot]  =   3.80000000E+07
beginning[beta_a]  =     0.9697118433
beginning[alpha_a] =    -5.5130425800
beginning[beta_b]  =     0.1509565101
beginning[alpha_b] =     1.2155846433
beginning[eta_x]  =    -0.0043720060
beginning[etap_x] =     0.0628338299
