beam_start[x]  =    -0.0007008698
beam_start[px] =    -0.0084014056
beam_start[pz] =     0.0000000000
beginning[e_tot]  =   1.14000000E+08
beginning[beta_a]  =     0.7043200202
beginning[alpha_a] =    -1.1517953924
beginning[beta_b]  =     1.0201317154
beginning[alpha_b] =     1.6853082285
beginning[eta_x]  =     0.0695458903
beginning[etap_x] =     0.1060907703
