

FF.QUA01[B1_GRADIENT] =  -2.93198140525238E+01
FF.QUA02[B1_GRADIENT] =   1.74527301890590E+01
FF.QUA02[X_OFFSET] =   2.28150186642273E-02
FF.QUA01[FQ1] =  -2.02122273810601E-04
FF.QUA02[FQ1] =  -3.17107804373702E-04

FF.QUA01[B1_GRADIENT] =  -2.93509931307418E+01
FF.QUA02[B1_GRADIENT] =   1.74796233750581E+01
FF.QUA02[X_OFFSET] =   2.37615353634990E-02
FF.QUA01[FQ1] =  -2.05066328889500E-04
FF.QUA02[FQ1] =  -3.26872619758554E-04


FF.QUA01[B1_GRADIENT] =  -2.99303804583634E+01
FF.QUA02[B1_GRADIENT] =   1.76890897555847E+01
FF.QUA02[X_OFFSET] =   2.31411169665196E-02
FF.QUA01[FQ1] =  -2.45732682688838E-04
FF.QUA02[FQ1] =  -3.42019161264678E-04

FF.QUA01[B1_GRADIENT] =  -2.97659001658295E+01
FF.QUA02[B1_GRADIENT] =   1.75953771642389E+01
FF.QUA02[X_OFFSET] =   2.32987637644089E-02
FF.QUA01[FQ1] =  -2.30462320345841E-04
FF.QUA02[FQ1] =  -3.26044324872392E-04

! test

!FF.QUA01[B1_GRADIENT] =  -2.82999800582153E+01
!FF.QUA02[B1_GRADIENT] =   1.72709328970481E+01
!FF.QUA02[X_OFFSET] =   2.38191858020544E-02
!FF.QUA01[FQ1] =   3.92309585450531E-05
!FF.QUA02[FQ1] =  -3.65256824387703E-04
