beam_start[x]  =    -0.0007008691
beam_start[px] =     0.0084010882
beam_start[pz] =     0.0000000000
beginning[e_tot]  =   1.14000000E+08
beginning[beta_a]  =     0.6962090737
beginning[alpha_a] =     1.1392470912
beginning[beta_b]  =     0.9532732923
beginning[alpha_b] =    -1.5793860515
beginning[eta_x]  =     0.0677376955
beginning[etap_x] =    -0.1031719278
