beam_start[x]  =    -0.0222615075
beam_start[px] =     0.0996530012
beam_start[pz] =     0.0000000000
beginning[e_tot]  =   3.80000000E+07
beginning[beta_a]  =     1.6495925198
beginning[alpha_a] =     9.6628762262
beginning[beta_b]  =     0.1327005085
beginning[alpha_b] =    -1.3033719270
beginning[eta_x]  =    -0.0042327852
beginning[etap_x] =    -0.0636779488
