beam_start[x]  =    -0.0174593286
beam_start[px] =     0.0449457650
beam_start[pz] =     0.0000000000
beginning[e_tot]  =   7.80000000E+07
beginning[beta_a]  =     0.5578449911
beginning[alpha_a] =     1.3655462219
beginning[beta_b]  =     0.4587893379
beginning[alpha_b] =    -1.1744299581
beginning[eta_x]  =     0.0249870859
beginning[etap_x] =    -0.0889259266
