DU.PATCH[X_OFFSET] =   3.01943332734392E-02
DU.PATCH[X_PITCH] =   2.37682090233700E-01
