

DU.PATCH[X_OFFSET] =   3.17194765309338E-02
DU.PATCH[X_PITCH] =   2.05615517166674E-01


DU.SOL01[KS] =   4.18588000000001E+01
DU.SOL02[KS] =   4.00000000000000E+01
