S1.BEN03[G] =   1.38345084018668E+00
S1.PIP03[L] =   8.72090815417955E-01
S1.BEN04[G] =  -7.07523571877930E-01
