S1.QUA01[K1] =   4.09714329012048E+00
S1.QUA02[K1] =  -9.83227911713681E+00
S1.QUA03[K1] =   7.59331271358617E+00
S1.QUA04[K1] =  -1.67603524106100E+01
S1.QUA05[K1] =  -3.24768775934517E+01
S1.QUA06[K1] =   1.09278981390753E+01
S1.QUA07[K1] =  -1.17847030623904E+01
S1.QUA08[K1] =   5.19250331237134E+00

! Will’s solution
S1.QUA01[K1] =   4.01130221108795E+00
S1.QUA02[K1] =  -5.60954841349542E+00
S1.QUA03[K1] =   4.68994988869527E+00
S1.QUA04[K1] =  -2.06843996903579E+01
S1.QUA05[K1] =  -8.86788680086097E+00
S1.QUA06[K1] =   2.34430227928442E+01
S1.QUA07[K1] =  -1.10464028761567E+01
S1.QUA08[K1] =   8.60096518317242E+00

