S2.PIP01[L] =   9.68849304848510E-01
S2.PIP02[L] =   7.87425644429461E-01
S2.PIP03a[L] = 0.05
S2.PIP03B[L] =   3.05242659593465E-01
S2.PIP04A[L] =   7.02119385552527E-02
S2.PIP03B[L] =   3.06727693963387E-01
S2.PIP04A[L] =   7.57348866054449E-02

S2.PIP03B[L] =   3.05470031034577E-01
S2.PIP04A[L] =   6.39719242748051E-02

