S2.BEN02[G] =   2.30404322608850E+00
S2.PIP03[L] =   5.81658118506647E-01
S2.BEN03[G] =  -1.24155031346925E+00
