S3.PIP01[L] =   1.16000000000000E+00
S3.BEN01[G] =  -1.17065690730239E+00
S3.PIP02a[L] =   (9.60571097398031E-01 - 0.2)/2
S3.PIP02b[L] =   S3.PIP02a[L]
S3.BEN02[G] =   1.04815460002248E+00
S3.PIP03A[L] =   6.07439781184009E-01 - 0.2
