S3.BEN01[G] =  -6.74031026394888E-01
S3.PIP02[L] =   9.25338300505793E-01
S3.BEN02[G] =   1.05916976269849E+00
