S4.BEN01[G] =  -8.20012797343350E-01
S4.PIP02a[L] =   2.14155381396286E+00 -.5
S4.Pip02b[L] = 0.3
!S4.BEN02[G] =   1.02971617679187E+00
S4.PIP03A[L] =   2.01222172809810E-01 - 0.2
